11
12
13
16
18
21
24
27
30
32
33
39
46
49
51
63
67
76
84
86
93
97
101
102
103
106
107
109
110
115
118
119
122
128
130
132
141
146
151
152
154
155
157
163
167
168
178
180
186
193
194
196
199
205
206
207
209
224
225
238
240
242
243
248
255
258
261
263
265
268
272
282
285
287
289
290
301
307
310
311
312
321
324
327
329
332
333
334
353
354
359
361
363
367
369
371
376
378
379
381
383
391
392
393
396
406
407
411
417
418
424
429
431
433
435
439
445
446
448
449
453
454
456
460
461
467
469
472
480
482
483
489
495
497
500
501
504
505
506
507
524
525
527
530
538
539
540
542
543
544
545
546